fitness: 0.7959999999999998
metrics/mAP50(B): 0.995
metrics/mAP50-95(B): 0.7959999999999998
metrics/precision(B): 0.9513626392794094
metrics/recall(B): 1.0
